0.504584 63
0.51404 126
0.523449 189
0.532729 252
0.541841 315
0.550746 377
0.559408 440
0.568026 503
0.576343 566
0.584318 629
0.591915 692
0.599105 754
0.605904 817
0.612453 880
0.618515 943
0.624062 1006
0.629073 1069
0.633526 1131
0.637519 1194
0.641082 1257
0.64404 1320
0.646381 1383
0.648095 1446
0.649175 1508
0.649807 1571
0.64989 1634
0.649333 1697
0.648138 1760
0.646309 1823
0.643854 1885
0.64104 1948
0.637642 2011
0.633652 2074
0.629087 2137
0.623966 2200
0.618354 2262
0.612452 2325
0.606058 2388
0.599199 2451
0.591904 2514
0.584204 2577
0.576227 2639
0.568057 2702
0.559574 2765
0.550813 2828
0.541812 2891
0.532607 2954
0.523369 3016
0.514091 3079
0.504718 3142
0.49529 3205
0.485845 3268
0.476422 3331
0.467204 3393
0.458135 3456
0.449197 3519
0.440428 3582
0.431864 3645
0.42354 3708
0.415621 3770
0.408048 3833
0.400808 3896
0.393933 3959
0.387451 4022
0.381388 4085
0.375868 4147
0.370866 4210
0.366349 4273
0.362336 4336
0.358843 4399
0.355885 4462
0.353527 4524
0.351812 4587
0.350659 4650
0.350074 4713
0.350058 4776
0.350613 4839
0.351739 4901
0.353563 4964
0.355943 5027
0.358869 5090
0.36233 5153
0.366311 5216
0.370795 5278
0.375873 5341
0.381458 5404
0.387487 5467
0.393934 5530
0.400773 5593
0.407975 5655
0.415611 5718
0.423622 5781
0.431907 5844
0.440431 5907
0.449159 5970
0.458053 6032
0.467195 6095
0.476512 6158
0.485891 6221
0.49529 6284
0.504671 6347
0.513994 6409
0.52338 6472
0.532701 6535
0.541856 6598
0.550805 6661
0.559512 6724
0.56794 6786
0.576276 6849
0.584296 6912
0.591941 6975
0.599179 7038
0.605979 7100
0.612343 7163
0.618453 7226
0.624051 7289
0.629112 7352
0.633616 7415
0.637544 7477
0.640979 7540
0.643988 7603
0.646381 7666
0.648148 7729
0.649281 7792
0.649775 7854
0.649799 7917
0.649295 7980
0.648152 8043
0.646375 8106
0.643972 8169
0.640952 8231
0.637566 8294
0.633627 8357
0.629113 8420
0.624042 8483
0.618435 8546
0.612341 8608
0.605997 8671
0.599187 8734
0.59194 8797
0.584286 8860
0.576257 8923
0.567964 8985
0.559527 9048
0.550811 9111
0.541853 9174
0.53269 9237
0.523361 9300
0.514015 9362
0.504683 9425
0.495294 9488
0.485887 9551
0.476502 9614
0.467177 9677
0.458071 9739
0.449169 9802
0.440434 9865
0.431904 9928
0.423612 9991
0.415595 10054
0.407991 10116
0.400783 10179
0.393937 10242
0.387484 10305
0.38145 10368
0.375859 10431
0.370809 10493
0.36632 10556
0.362334 10619
0.358868 10682
0.355936 10745
0.353551 10808
0.35175 10870
0.350624 10933
0.350064 10996
0.350074 11059
0.350654 11122
0.351802 11185
0.353513 11247
0.355898 11310
0.35885 11373
0.362338 11436
0.366346 11499
0.370857 11562
0.375854 11624
0.381403 11687
0.38746 11750
0.393937 11813
0.400806 11876
0.40804 11939
0.415606 12001
0.423557 12064
0.431874 12127
0.440432 12190
0.449195 12253
0.458125 12316
0.467187 12378
0.476441 12441
0.485856 12504
0.495294 12567
0.504715 12630
0.51408 12693
0.523349 12755
0.532627 12818
0.541824 12881
0.550816 12944
0.559568 13007
0.568042 13070
0.576204 13132
0.584224 13195
0.591915 13258
0.599201 13321
0.60605 13384
0.612434 13447
0.618339 13509
0.623985 13572
0.629097 13635
0.633652 13698
0.637631 13761
0.641019 13824
0.643882 13886
0.646327 13949
0.648145 14012
0.64933 14075
0.649877 14138
0.649782 14200
0.6492 14263
0.64811 14326
0.646385 14389
0.644034 14452
0.641065 14515
0.637493 14577
0.633548 14640
0.629085 14703
0.624064 14766
0.618506 14829
0.612436 14892
0.605885 14954
0.599123 15017
0.591925 15080
0.584317 15143
0.576334 15206
0.568007 15269
0.559433 15331
0.550762 15394
0.541848 15457
0.532727 15520
0.523439 15583
0.514022 15646
0.504605 15708
0.495256 15771
0.485888 15834
0.47654 15897
0.467251 15960
0.45806 16023
0.449103 16085
0.440404 16148
0.431907 16211
0.423648 16274
0.415661 16337
0.407981 16400
0.400722 16462
0.393908 16525
0.387485 16588
0.381479 16651
0.375916 16714
0.37082 16777
0.366261 16839
0.362302 16902
0.358862 16965
0.355957 17028
0.353597 17091
0.351794 17154
0.350558 17216
0.350024 17279
0.35006 17342
0.350666 17405
0.351839 17468
0.353575 17531
0.355867 17593
0.358801 17656
0.362314 17719
0.366349 17782
0.370888 17845
0.375913 17908
0.381401 17970
0.3874 18033
0.393905 18096
0.400804 18159
0.408069 18222
0.415668 18285
0.423569 18347
0.431805 18410
0.440395 18473
0.449192 18536
0.458158 18599
0.467257 18662
0.476449 18724
0.485779 18787
0.495255 18850
0.504715 18913
0.514121 18976
0.523432 19039
0.53261 19101
0.541745 19164
0.55078 19227
0.559576 19290
0.568096 19353
0.576304 19416
0.584165 19478
0.591839 19541
0.599172 19604
0.606069 19667
0.612503 19730
0.618445 19793
0.623872 19855
0.629028 19918
0.633633 19981
